0 0.4576388888888889 0.29907407407407405 0.06527777777777778 0.10185185185185185
0 0.61875 0.2851851851851852 0.06805555555555555 0.1111111111111111
0 0.9388888888888889 0.15185185185185185 0.09722222222222222 0.13703703703703704
0 0.7743055555555556 0.16296296296296298 0.020833333333333332 0.02962962962962963
0 0.7569444444444444 0.13425925925925927 0.013888888888888888 0.027777777777777776
0 0.7944444444444444 0.15092592592592594 0.019444444444444445 0.03518518518518519
1 0.47430555555555554 0.15185185185185185 0.018055555555555554 0.03333333333333333
1 0.5715277777777777 0.1527777777777778 0.020833333333333332 0.03888888888888889
1 0.5375 0.14351851851851852 0.016666666666666666 0.03148148148148148
1 0.4027777777777778 0.14537037037037037 0.016666666666666666 0.03148148148148148
1 0.41458333333333336 0.14814814814814814 0.015277777777777777 0.02962962962962963
1 0.43333333333333335 0.15185185185185185 0.013888888888888888 0.025925925925925925
1 0.45 0.1537037037037037 0.016666666666666666 0.02962962962962963
1 0.3715277777777778 0.1537037037037037 0.018055555555555554 0.03333333333333333
1 0.34791666666666665 0.15092592592592594 0.015277777777777777 0.027777777777777776
1 0.3298611111111111 0.1388888888888889 0.015277777777777777 0.02962962962962963
1 0.32013888888888886 0.14629629629629629 0.015277777777777777 0.02962962962962963
1 0.30625 0.14629629629629629 0.015277777777777777 0.02962962962962963
1 0.29305555555555557 0.13518518518518519 0.011111111111111112 0.018518518518518517
0 0.8604166666666667 0.1685185185185185 0.015277777777777777 0.02962962962962963
0 0.8354166666666667 0.1527777777777778 0.015277777777777777 0.024074074074074074
0 0.8506944444444444 0.15 0.015277777777777777 0.018518518518518517
0 0.7722222222222223 0.13518518518518519 0.013888888888888888 0.025925925925925925
0 0.7854166666666667 0.1425925925925926 0.0125 0.022222222222222223
1 0.7618055555555555 0.15648148148148147 0.0125 0.027777777777777776
0 0.6923611111111111 0.1388888888888889 0.0125 0.022222222222222223
0 0.7291666666666666 0.14074074074074075 0.011111111111111112 0.025925925925925925
1 0.5208333333333334 0.15092592592592594 0.019444444444444445 0.03518518518518519
0 0.5534722222222223 0.14537037037037037 0.015277777777777777 0.027777777777777776
1 0.3645833333333333 0.14074074074074075 0.015277777777777777 0.02962962962962963
1 0.05277777777777778 0.1175925925925926 0.025 0.03888888888888889
0 0.024305555555555556 0.14629629629629629 0.03194444444444444 0.044444444444444446
