0 0.8345864661654135 0.7698412698412699 0.07218045112781955 0.1111111111111111
0 0.6827067669172933 0.717687074829932 0.05714285714285714 0.09297052154195011
0 0.7849624060150376 0.6360544217687075 0.03609022556390978 0.061224489795918366
0 0.8443609022556391 0.6700680272108843 0.055639097744360905 0.08843537414965986
0 0.5180451127819549 0.7925170068027211 0.07067669172932331 0.10204081632653061
0 0.27593984962406015 0.7142857142857143 0.055639097744360905 0.09523809523809523
0 0.3015037593984962 0.5997732426303855 0.031578947368421054 0.05668934240362812
0 0.7345864661654136 0.6519274376417233 0.03759398496240601 0.05668934240362812
0 0.7556390977443609 0.5861678004535147 0.02556390977443609 0.03854875283446712
0 0.7022556390977444 0.5521541950113379 0.015037593984962405 0.024943310657596373
0 0.7646616541353384 0.5589569160997733 0.016541353383458645 0.024943310657596373
0 0.9834586466165414 0.5839002267573696 0.02406015037593985 0.034013605442176874
0 0.9233082706766917 0.7233560090702947 0.06917293233082707 0.09523809523809523
0 0.4120300751879699 0.7142857142857143 0.05413533834586466 0.07709750566893424
0 0.9593984962406015 0.5521541950113379 0.012030075187969926 0.02040816326530612
0 0.8932330827067669 0.5634920634920635 0.01804511278195489 0.024943310657596373
0 0.6112781954887218 0.528344671201814 0.010526315789473684 0.018140589569160998
0 0.8233082706766918 0.5328798185941043 0.013533834586466165 0.018140589569160998
0 0.849624060150376 0.5385487528344671 0.012030075187969926 0.02040816326530612
