0 0.15208333333333332 0.39791666666666664 0.07083333333333333 0.12916666666666668
0 0.21319444444444444 0.45416666666666666 0.04027777777777778 0.06666666666666667
0 0.25833333333333336 0.43645833333333334 0.03611111111111111 0.06458333333333334
0 0.44305555555555554 0.41875 0.05277777777777778 0.09583333333333334
0 0.5013888888888889 0.4395833333333333 0.03611111111111111 0.0625
0 0.5659722222222222 0.396875 0.05416666666666667 0.10208333333333333
0 0.6180555555555556 0.403125 0.06388888888888888 0.11041666666666666
0 0.7034722222222223 0.396875 0.06805555555555555 0.11875
0 0.7875 0.39166666666666666 0.06944444444444445 0.11666666666666667
0 0.9694444444444444 0.41041666666666665 0.05555555555555555 0.09166666666666666
